size
300032.0
274432.0
260096.0
271360.0
204800.0
216064.0
230400.0
230400.0
262144.0
424960.0
303104.0
267264.0
262144.0
266240.0
261120.0
266240.0
259072.0
273408.0
314368.0
274432.0
309248.0
323584.0
359424.0
322560.0
256000.0
283648.0
284672.0
188416.0
192512.0
250880.0
17408.0
17408.0
10240.0
1740.8
5529.6
2969.6
1331.2
414720.0
411648.0
768000.0
519168.0
518144.0
516096.0
144384.0
150528.0
145408.0
182272.0
176128.0
133120.0
158720.0
146432.0
130048.0
108544.0
138240.0
145408.0
134144.0
132096.0
154624.0
185344.0
167936.0
147456.0
155648.0
131072.0
193536.0
220160.0
202752.0
191488.0
140288.0
135168.0
111616.0
546816.0
543744.0
317440.0
325632.0
208896.0
178176.0
163840.0
200704.0
100352.0
108544.0
191488.0
181248.0
160768.0
162816.0
133120.0
129024.0
122880.0
141312.0
139264.0
139264.0
144384.0
120832.0
121856.0
517120.0
504832.0
605184.0
605184.0
384000.0
389120.0
369664.0
362496.0
466944.0
458752.0
337920.0
321536.0
405504.0
489472.0
580608.0
588800.0
546816.0
424960.0
444416.0
437248.0
523264.0
608256.0
552960.0
447488.0
533504.0
530432.0
523264.0
529408.0
516096.0
486400.0
350208.0
369664.0
378880.0
455680.0
553984.0
604160.0
591872.0
565248.0
565248.0
528384.0
544768.0
563200.0
566272.0
500736.0
8601.6
2457.6
612352.0
593920.0
450560.0
470016.0
376832.0
382976.0
601088.0
599040.0
200704.0
292864.0
261120.0
251904.0
272384.0
290816.0
312320.0
305152.0
273408.0
269312.0
273408.0
315392.0
303104.0
309248.0
300032.0
302080.0
340992.0
267264.0
274432.0
276480.0
289792.0
251904.0
238592.0
284672.0
322560.0
307200.0
297984.0
297984.0
265216.0
647168.0
428032.0
445440.0
599040.0
555008.0
507904.0
453632.0
447488.0
496640.0
505856.0
457728.0
606208.0
542720.0
208896.0
495616.0
599040.0
638976.0
615424.0
683008.0
610304.0
626688.0
662528.0
646144.0
638976.0
545792.0
523264.0
619520.0
675840.0
679936.0
685056.0
669696.0
669696.0
650240.0
613376.0
637952.0
499712.0
616448.0
680960.0
681984.0
681984.0
685056.0
675840.0
691200.0
604160.0
588800.0
265216.0
265216.0
4608.0
4608.0
4608.0
4608.0
622592.0
543744.0
544768.0
543744.0
543744.0
398336.0
391168.0
409600.0
416768.0
411648.0
456704.0
337920.0
351232.0
413696.0
412672.0
413696.0
399360.0
398336.0
405504.0
411648.0
409600.0
381952.0
373760.0
360448.0
359424.0
364544.0
375808.0
375808.0
365568.0
366592.0
368640.0
377856.0
413696.0
412672.0
411648.0
411648.0
454656.0
485376.0
485376.0
492544.0
495616.0
496640.0
102400.0
2355.2
2355.2
508928.0
530432.0
724992.0
724992.0
172032.0
191488.0
131072.0
205824.0
194560.0
156672.0
198656.0
311296.0
316416.0
230400.0
189440.0
176128.0
184320.0
180224.0
208896.0
194560.0
172032.0
107520.0
138240.0
205824.0
212992.0
198656.0
237568.0
210944.0
116736.0
134144.0
137216.0
137216.0
136192.0
439296.0
423936.0
681984.0
690176.0
559104.0
558080.0
560128.0
571392.0
576512.0
671744.0
671744.0
558080.0
560128.0
536576.0
332800.0
324608.0
45056.0
45056.0
1740.8
221184.0
240640.0
309248.0
311296.0
322560.0
340992.0
294912.0
327680.0
328704.0
314368.0
300032.0
301056.0
294912.0
311296.0
323584.0
194560.0
180224.0
371712.0
387072.0
340992.0
373760.0
374784.0
360448.0
332800.0
338944.0
323584.0
340992.0
355328.0
172032.0
126976.0
27648.0
27648.0
310272.0
401408.0
368640.0
329728.0
307200.0
356352.0
356352.0
344064.0
331776.0
247808.0
246784.0
86016.0
1126.4
7577.6
361472.0
351232.0
374784.0
30720.0
2252.8
2252.8
2252.8
4198.4
4198.4
4096.0
4096.0
1843.2
1843.2
358400.0
406528.0
446464.0
582656.0
407552.0
240640.0
6963.2
496640.0
589824.0
665600.0
683008.0
626688.0
629760.0
631808.0
642048.0
662528.0
613376.0
444416.0
464896.0
495616.0
462848.0
454656.0
502784.0
439296.0
454656.0
474112.0
455680.0
471040.0
478208.0
424960.0
480256.0
454656.0
416768.0
415744.0
402432.0
403456.0
415744.0
440320.0
438272.0
417792.0
399360.0
401408.0
420864.0
456704.0
346112.0
343040.0
338944.0
327680.0
321536.0
246784.0
1433.6
2969.6
2969.6
1945.6
1945.6
532480.0
532480.0
519168.0
519168.0
589824.0
588800.0
559104.0
559104.0
275456.0
350208.0
430080.0
515072.0
409600.0
359424.0
395264.0
371712.0
518144.0
453632.0
418816.0
354304.0
346112.0
405504.0
401408.0
380928.0
353280.0
366592.0
400384.0
356352.0
410624.0
382976.0
384000.0
355328.0
370688.0
415744.0
386048.0
452608.0
443392.0
439296.0
472064.0
521216.0
496640.0
486400.0
415744.0
389120.0
387072.0
402432.0
369664.0
438272.0
466944.0
455680.0
457728.0
458752.0
436224.0
110592.0
110592.0
3891.2
3891.2
1945.6
1945.6
545792.0
544768.0
549888.0
